68 405
68 406
68 407
68 408
68 409
68 410
68 411
68 412
68 413
68 414
68 415
69 393
69 394
69 395
69 396
69 397
69 398
69 399
69 400
69 401
69 402
69 403
69 404
69 405
69 406
69 407
69 408
69 409
69 410
69 411
69 412
69 413
69 414
69 415
69 416
69 417
69 418
69 419
69 420
69 421
69 422
69 423
69 424
69 425
70 388
70 389
70 390
70 391
70 392
70 393
70 394
70 395
70 396
70 397
70 398
70 399
70 400
70 401
70 402
70 403
70 404
70 405
70 406
70 407
70 408
70 409
70 410
70 411
70 412
70 413
70 414
70 415
70 416
70 417
70 418
70 419
70 420
70 421
70 422
70 423
70 424
70 425
70 426
70 427
70 428
70 429
70 430
70 431
71 384
71 385
71 386
71 387
71 388
71 389
71 390
71 391
71 392
71 393
71 394
71 395
71 396
71 397
71 398
71 399
71 400
71 401
71 402
71 403
71 404
71 405
71 406
71 407
71 408
71 409
71 410
71 411
71 412
71 413
71 414
71 415
71 416
71 417
71 418
71 419
71 420
71 421
71 422
71 423
71 424
71 425
71 426
71 427
71 428
71 429
71 430
71 431
71 432
71 433
71 434
71 435
72 381
72 382
72 383
72 384
72 385
72 386
72 387
72 388
72 389
72 390
72 391
72 392
72 393
72 394
72 395
72 396
72 397
72 398
72 399
72 400
72 401
72 402
72 403
72 404
72 405
72 406
72 407
72 408
72 409
72 410
72 411
72 412
72 413
72 414
72 415
72 416
72 417
72 418
72 419
72 420
72 421
72 422
72 423
72 424
72 425
72 426
72 427
72 428
72 429
72 430
72 431
72 432
72 433
72 434
72 435
72 436
72 437
72 438
73 378
73 379
73 380
73 381
73 382
73 383
73 384
73 385
73 386
73 387
73 388
73 389
73 390
73 391
73 392
73 393
73 394
73 395
73 396
73 397
73 398
73 399
73 400
73 401
73 402
73 403
73 404
73 405
73 406
73 407
73 408
73 409
73 410
73 411
73 412
73 413
73 414
73 415
73 416
73 417
73 418
73 419
73 420
73 421
73 422
73 423
73 424
73 425
73 426
73 427
73 428
73 429
73 430
73 431
73 432
73 433
73 434
73 435
73 436
73 437
73 438
73 439
73 440
74 376
74 377
74 378
74 379
74 380
74 381
74 382
74 383
74 384
74 385
74 386
74 387
74 388
74 389
74 390
74 391
74 392
74 393
74 394
74 395
74 396
74 397
74 398
74 399
74 400
74 401
74 402
74 403
74 404
74 405
74 406
74 407
74 408
74 409
74 410
74 411
74 412
74 413
74 414
74 415
74 416
74 417
74 418
74 419
74 420
74 421
74 422
74 423
74 424
74 425
74 426
74 427
74 428
74 429
74 430
74 431
74 432
74 433
74 434
74 435
74 436
74 437
74 438
74 439
74 440
74 441
74 442
74 443
75 374
75 375
75 376
75 377
75 378
75 379
75 380
75 381
75 382
75 383
75 384
75 385
75 386
75 387
75 388
75 389
75 390
75 391
75 392
75 393
75 394
75 395
75 396
75 397
75 398
75 399
75 400
75 401
75 402
75 403
75 404
75 405
75 406
75 407
75 408
75 409
75 410
75 411
75 412
75 413
75 414
75 415
75 416
75 417
75 418
75 419
75 420
75 421
75 422
75 423
75 424
75 425
75 426
75 427
75 428
75 429
75 430
75 431
75 432
75 433
75 434
75 435
75 436
75 437
75 438
75 439
75 440
75 441
75 442
75 443
75 444
75 445
76 372
76 373
76 374
76 375
76 376
76 377
76 378
76 379
76 380
76 381
76 382
76 383
76 384
76 385
76 386
76 387
76 388
76 389
76 390
76 391
76 392
76 393
76 394
76 395
76 396
76 397
76 398
76 399
76 400
76 401
76 402
76 403
76 404
76 405
76 406
76 407
76 408
76 409
76 410
76 411
76 412
76 413
76 414
76 415
76 416
76 417
76 418
76 419
76 420
76 421
76 422
76 423
76 424
76 425
76 426
76 427
76 428
76 429
76 430
76 431
76 432
76 433
76 434
76 435
76 436
76 437
76 438
76 439
76 440
76 441
76 442
76 443
76 444
76 445
76 446
76 447
77 370
77 371
77 372
77 373
77 374
77 375
77 376
77 377
77 378
77 379
77 380
77 381
77 382
77 383
77 384
77 385
77 386
77 387
77 388
77 389
77 390
77 391
77 392
77 393
77 394
77 395
77 396
77 397
77 398
77 399
77 400
77 401
77 402
77 403
77 404
77 405
77 406
77 407
77 408
77 409
77 410
77 411
77 412
77 413
77 414
77 415
77 416
77 417
77 418
77 419
77 420
77 421
77 422
77 423
77 424
77 425
77 426
77 427
77 428
77 429
77 430
77 431
77 432
77 433
77 434
77 435
77 436
77 437
77 438
77 439
77 440
77 441
77 442
77 443
77 444
77 445
77 446
77 447
77 448
78 369
78 370
78 371
78 372
78 373
78 374
78 375
78 376
78 377
78 378
78 379
78 380
78 381
78 382
78 383
78 384
78 385
78 386
78 387
78 388
78 389
78 390
78 391
78 392
78 393
78 394
78 395
78 396
78 397
78 398
78 399
78 400
78 401
78 402
78 403
78 404
78 405
78 406
78 407
78 408
78 409
78 410
78 411
78 412
78 413
78 414
78 415
78 416
78 417
78 418
78 419
78 420
78 421
78 422
78 423
78 424
78 425
78 426
78 427
78 428
78 429
78 430
78 431
78 432
78 433
78 434
78 435
78 436
78 437
78 438
78 439
78 440
78 441
78 442
78 443
78 444
78 445
78 446
78 447
78 448
78 449
78 450
79 368
79 369
79 370
79 371
79 372
79 373
79 374
79 375
79 376
79 377
79 378
79 379
79 380
79 381
79 382
79 383
79 384
79 385
79 386
79 387
79 388
79 389
79 390
79 391
79 392
79 393
79 394
79 395
79 396
79 397
79 398
79 399
79 400
79 401
79 402
79 403
79 404
79 405
79 406
79 407
79 408
79 409
79 410
79 411
79 412
79 413
79 414
79 415
79 416
79 417
79 418
79 419
79 420
79 421
79 422
79 423
79 424
79 425
79 426
79 427
79 428
79 429
79 430
79 431
79 432
79 433
79 434
79 435
79 436
79 437
79 438
79 439
79 440
79 441
79 442
79 443
79 444
79 445
79 446
79 447
79 448
79 449
79 450
79 451
80 366
80 367
80 368
80 369
80 370
80 371
80 372
80 373
80 374
80 375
80 376
80 377
80 378
80 379
80 380
80 381
80 382
80 383
80 384
80 385
80 386
80 387
80 388
80 389
80 390
80 391
80 392
80 393
80 394
80 395
80 396
80 397
80 398
80 399
80 400
80 401
80 402
80 403
80 404
80 405
80 406
80 407
80 408
80 409
80 410
80 411
80 412
80 413
80 414
80 415
80 416
80 417
80 418
80 419
80 420
80 421
80 422
80 423
80 424
80 425
80 426
80 427
80 428
80 429
80 430
80 431
80 432
80 433
80 434
80 435
80 436
80 437
80 438
80 439
80 440
80 441
80 442
80 443
80 444
80 445
80 446
80 447
80 448
80 449
80 450
80 451
80 452
80 453
81 365
81 366
81 367
81 368
81 369
81 370
81 371
81 372
81 373
81 374
81 375
81 376
81 377
81 378
81 379
81 380
81 381
81 382
81 383
81 384
81 385
81 386
81 387
81 388
81 389
81 390
81 391
81 392
81 393
81 394
81 395
81 396
81 397
81 398
81 399
81 400
81 401
81 402
81 403
81 404
81 405
81 406
81 407
81 408
81 409
81 410
81 411
81 412
81 413
81 414
81 415
81 416
81 417
81 418
81 419
81 420
81 421
81 422
81 423
81 424
81 425
81 426
81 427
81 428
81 429
81 430
81 431
81 432
81 433
81 434
81 435
81 436
81 437
81 438
81 439
81 440
81 441
81 442
81 443
81 444
81 445
81 446
81 447
81 448
81 449
81 450
81 451
81 452
81 453
81 454
82 364
82 365
82 366
82 367
82 368
82 369
82 370
82 371
82 372
82 373
82 374
82 375
82 376
82 377
82 378
82 379
82 380
82 381
82 382
82 383
82 384
82 385
82 386
82 387
82 388
82 389
82 390
82 391
82 392
82 393
82 394
82 395
82 396
82 397
82 398
82 399
82 400
82 401
82 402
82 403
82 404
82 405
82 406
82 407
82 408
82 409
82 410
82 411
82 412
82 413
82 414
82 415
82 416
82 417
82 418
82 419
82 420
82 421
82 422
82 423
82 424
82 425
82 426
82 427
82 428
82 429
82 430
82 431
82 432
82 433
82 434
82 435
82 436
82 437
82 438
82 439
82 440
82 441
82 442
82 443
82 444
82 445
82 446
82 447
82 448
82 449
82 450
82 451
82 452
82 453
82 454
82 455
83 364
83 365
83 366
83 367
83 368
83 369
83 370
83 371
83 372
83 373
83 374
83 375
83 376
83 377
83 378
83 379
83 380
83 381
83 382
83 383
83 384
83 385
83 386
83 387
83 388
83 389
83 390
83 391
83 392
83 393
83 394
83 395
83 396
83 397
83 398
83 399
83 400
83 401
83 402
83 403
83 404
83 405
83 406
83 407
83 408
83 409
83 410
83 411
83 412
83 413
83 414
83 415
83 416
83 417
83 418
83 419
83 420
83 421
83 422
83 423
83 424
83 425
83 426
83 427
83 428
83 429
83 430
83 431
83 432
83 433
83 434
83 435
83 436
83 437
83 438
83 439
83 440
83 441
83 442
83 443
83 444
83 445
83 446
83 447
83 448
83 449
83 450
83 451
83 452
83 453
83 454
83 455
83 456
84 363
84 364
84 365
84 366
84 367
84 368
84 369
84 370
84 371
84 372
84 373
84 374
84 375
84 376
84 377
84 378
84 379
84 380
84 381
84 382
84 383
84 384
84 385
84 386
84 387
84 388
84 389
84 390
84 391
84 392
84 393
84 394
84 395
84 396
84 397
84 398
84 399
84 400
84 401
84 421
84 422
84 423
84 424
84 425
84 426
84 427
84 428
84 429
84 430
84 431
84 432
84 433
84 434
84 435
84 436
84 437
84 438
84 439
84 440
84 441
84 442
84 443
84 444
84 445
84 446
84 447
84 448
84 449
84 450
84 451
84 452
84 453
84 454
84 455
84 456
84 457
85 362
85 363
85 364
85 365
85 366
85 367
85 368
85 369
85 370
85 371
85 372
85 373
85 374
85 375
85 376
85 377
85 378
85 379
85 380
85 381
85 382
85 383
85 384
85 385
85 386
85 387
85 388
85 389
85 390
85 391
85 392
85 393
85 394
85 395
85 426
85 427
85 428
85 429
85 430
85 431
85 432
85 433
85 434
85 435
85 436
85 437
85 438
85 439
85 440
85 441
85 442
85 443
85 444
85 445
85 446
85 447
85 448
85 449
85 450
85 451
85 452
85 453
85 454
85 455
85 456
85 457
85 458
86 362
86 363
86 364
86 365
86 366
86 367
86 368
86 369
86 370
86 371
86 372
86 373
86 374
86 375
86 376
86 377
86 378
86 379
86 380
86 381
86 382
86 383
86 384
86 385
86 386
86 387
86 388
86 389
86 390
86 391
86 430
86 431
86 432
86 433
86 434
86 435
86 436
86 437
86 438
86 439
86 440
86 441
86 442
86 443
86 444
86 445
86 446
86 447
86 448
86 449
86 450
86 451
86 452
86 453
86 454
86 455
86 456
86 457
86 458
86 459
87 361
87 362
87 363
87 364
87 365
87 366
87 367
87 368
87 369
87 370
87 371
87 372
87 373
87 374
87 375
87 376
87 377
87 378
87 379
87 380
87 381
87 382
87 383
87 384
87 385
87 386
87 387
87 388
87 433
87 434
87 435
87 436
87 437
87 438
87 439
87 440
87 441
87 442
87 443
87 444
87 445
87 446
87 447
87 448
87 449
87 450
87 451
87 452
87 453
87 454
87 455
87 456
87 457
87 458
87 459
88 361
88 362
88 363
88 364
88 365
88 366
88 367
88 368
88 369
88 370
88 371
88 372
88 373
88 374
88 375
88 376
88 377
88 378
88 379
88 380
88 381
88 382
88 383
88 384
88 385
88 386
88 435
88 436
88 437
88 438
88 439
88 440
88 441
88 442
88 443
88 444
88 445
88 446
88 447
88 448
88 449
88 450
88 451
88 452
88 453
88 454
88 455
88 456
88 457
88 458
88 459
88 460
89 360
89 361
89 362
89 363
89 364
89 365
89 366
89 367
89 368
89 369
89 370
89 371
89 372
89 373
89 374
89 375
89 376
89 377
89 378
89 379
89 380
89 381
89 382
89 383
89 384
89 437
89 438
89 439
89 440
89 441
89 442
89 443
89 444
89 445
89 446
89 447
89 448
89 449
89 450
89 451
89 452
89 453
89 454
89 455
89 456
89 457
89 458
89 459
89 460
89 461
90 360
90 361
90 362
90 363
90 364
90 365
90 366
90 367
90 368
90 369
90 370
90 371
90 372
90 373
90 374
90 375
90 376
90 377
90 378
90 379
90 380
90 381
90 382
90 383
90 438
90 439
90 440
90 441
90 442
90 443
90 444
90 445
90 446
90 447
90 448
90 449
90 450
90 451
90 452
90 453
90 454
90 455
90 456
90 457
90 458
90 459
90 460
90 461
91 360
91 361
91 362
91 363
91 364
91 365
91 366
91 367
91 368
91 369
91 370
91 371
91 372
91 373
91 374
91 375
91 376
91 377
91 378
91 379
91 380
91 381
91 382
91 440
91 441
91 442
91 443
91 444
91 445
91 446
91 447
91 448
91 449
91 450
91 451
91 452
91 453
91 454
91 455
91 456
91 457
91 458
91 459
91 460
91 461
91 462
92 360
92 361
92 362
92 363
92 364
92 365
92 366
92 367
92 368
92 369
92 370
92 371
92 372
92 373
92 374
92 375
92 376
92 377
92 378
92 379
92 380
92 381
92 441
92 442
92 443
92 444
92 445
92 446
92 447
92 448
92 449
92 450
92 451
92 452
92 453
92 454
92 455
92 456
92 457
92 458
92 459
92 460
92 461
92 462
93 359
93 360
93 361
93 362
93 363
93 364
93 365
93 366
93 367
93 368
93 369
93 370
93 371
93 372
93 373
93 374
93 375
93 376
93 377
93 378
93 379
93 380
93 442
93 443
93 444
93 445
93 446
93 447
93 448
93 449
93 450
93 451
93 452
93 453
93 454
93 455
93 456
93 457
93 458
93 459
93 460
93 461
93 462
93 463
94 359
94 360
94 361
94 362
94 363
94 364
94 365
94 366
94 367
94 368
94 369
94 370
94 371
94 372
94 373
94 374
94 375
94 376
94 377
94 378
94 379
94 443
94 444
94 445
94 446
94 447
94 448
94 449
94 450
94 451
94 452
94 453
94 454
94 455
94 456
94 457
94 458
94 459
94 460
94 461
94 462
94 463
95 359
95 360
95 361
95 362
95 363
95 364
95 365
95 366
95 367
95 368
95 369
95 370
95 371
95 372
95 373
95 374
95 375
95 376
95 377
95 378
95 379
95 443
95 444
95 445
95 446
95 447
95 448
95 449
95 450
95 451
95 452
95 453
95 454
95 455
95 456
95 457
95 458
95 459
95 460
95 461
95 462
95 463
95 464
96 359
96 360
96 361
96 362
96 363
96 364
96 365
96 366
96 367
96 368
96 369
96 370
96 371
96 372
96 373
96 374
96 375
96 376
96 377
96 378
96 444
96 445
96 446
96 447
96 448
96 449
96 450
96 451
96 452
96 453
96 454
96 455
96 456
96 457
96 458
96 459
96 460
96 461
96 462
96 463
96 464
97 359
97 360
97 361
97 362
97 363
97 364
97 365
97 366
97 367
97 368
97 369
97 370
97 371
97 372
97 373
97 374
97 375
97 376
97 377
97 378
97 445
97 446
97 447
97 448
97 449
97 450
97 451
97 452
97 453
97 454
97 455
97 456
97 457
97 458
97 459
97 460
97 461
97 462
97 463
97 464
98 359
98 360
98 361
98 362
98 363
98 364
98 365
98 366
98 367
98 368
98 369
98 370
98 371
98 372
98 373
98 374
98 375
98 376
98 377
98 378
98 445
98 446
98 447
98 448
98 449
98 450
98 451
98 452
98 453
98 454
98 455
98 456
98 457
98 458
98 459
98 460
98 461
98 462
98 463
98 464
98 465
99 359
99 360
99 361
99 362
99 363
99 364
99 365
99 366
99 367
99 368
99 369
99 370
99 371
99 372
99 373
99 374
99 375
99 376
99 377
99 445
99 446
99 447
99 448
99 449
99 450
99 451
99 452
99 453
99 454
99 455
99 456
99 457
99 458
99 459
99 460
99 461
99 462
99 463
99 464
99 465
100 359
100 360
100 361
100 362
100 363
100 364
100 365
100 366
100 367
100 368
100 369
100 370
100 371
100 372
100 373
100 374
100 375
100 376
100 377
100 446
100 447
100 448
100 449
100 450
100 451
100 452
100 453
100 454
100 455
100 456
100 457
100 458
100 459
100 460
100 461
100 462
100 463
100 464
100 465
101 359
101 360
101 361
101 362
101 363
101 364
101 365
101 366
101 367
101 368
101 369
101 370
101 371
101 372
101 373
101 374
101 375
101 376
101 377
101 446
101 447
101 448
101 449
101 450
101 451
101 452
101 453
101 454
101 455
101 456
101 457
101 458
101 459
101 460
101 461
101 462
101 463
101 464
101 465
102 359
102 360
102 361
102 362
102 363
102 364
102 365
102 366
102 367
102 368
102 369
102 370
102 371
102 372
102 373
102 374
102 375
102 376
102 377
102 446
102 447
102 448
102 449
102 450
102 451
102 452
102 453
102 454
102 455
102 456
102 457
102 458
102 459
102 460
102 461
102 462
102 463
102 464
102 465
103 359
103 360
103 361
103 362
103 363
103 364
103 365
103 366
103 367
103 368
103 369
103 370
103 371
103 372
103 373
103 374
103 375
103 376
103 377
103 447
103 448
103 449
103 450
103 451
103 452
103 453
103 454
103 455
103 456
103 457
103 458
103 459
103 460
103 461
103 462
103 463
103 464
103 465
103 466
104 359
104 360
104 361
104 362
104 363
104 364
104 365
104 366
104 367
104 368
104 369
104 370
104 371
104 372
104 373
104 374
104 375
104 376
104 377
104 447
104 448
104 449
104 450
104 451
104 452
104 453
104 454
104 455
104 456
104 457
104 458
104 459
104 460
104 461
104 462
104 463
104 464
104 465
104 466
105 359
105 360
105 361
105 362
105 363
105 364
105 365
105 366
105 367
105 368
105 369
105 370
105 371
105 372
105 373
105 374
105 375
105 376
105 377
105 378
105 447
105 448
105 449
105 450
105 451
105 452
105 453
105 454
105 455
105 456
105 457
105 458
105 459
105 460
105 461
105 462
105 463
105 464
105 465
105 466
106 359
106 360
106 361
106 362
106 363
106 364
106 365
106 366
106 367
106 368
106 369
106 370
106 371
106 372
106 373
106 374
106 375
106 376
106 377
106 378
106 447
106 448
106 449
106 450
106 451
106 452
106 453
106 454
106 455
106 456
106 457
106 458
106 459
106 460
106 461
106 462
106 463
106 464
106 465
106 466
107 360
107 361
107 362
107 363
107 364
107 365
107 366
107 367
107 368
107 369
107 370
107 371
107 372
107 373
107 374
107 375
107 376
107 377
107 378
107 447
107 448
107 449
107 450
107 451
107 452
107 453
107 454
107 455
107 456
107 457
107 458
107 459
107 460
107 461
107 462
107 463
107 464
107 465
107 466
108 360
108 361
108 362
108 363
108 364
108 365
108 366
108 367
108 368
108 369
108 370
108 371
108 372
108 373
108 374
108 375
108 376
108 377
108 378
108 447
108 448
108 449
108 450
108 451
108 452
108 453
108 454
108 455
108 456
108 457
108 458
108 459
108 460
108 461
108 462
108 463
108 464
108 465
108 466
109 360
109 361
109 362
109 363
109 364
109 365
109 366
109 367
109 368
109 369
109 370
109 371
109 372
109 373
109 374
109 375
109 376
109 377
109 378
109 447
109 448
109 449
109 450
109 451
109 452
109 453
109 454
109 455
109 456
109 457
109 458
109 459
109 460
109 461
109 462
109 463
109 464
109 465
109 466
110 360
110 361
110 362
110 363
110 364
110 365
110 366
110 367
110 368
110 369
110 370
110 371
110 372
110 373
110 374
110 375
110 376
110 377
110 378
110 379
110 447
110 448
110 449
110 450
110 451
110 452
110 453
110 454
110 455
110 456
110 457
110 458
110 459
110 460
110 461
110 462
110 463
110 464
110 465
110 466
111 361
111 362
111 363
111 364
111 365
111 366
111 367
111 368
111 369
111 370
111 371
111 372
111 373
111 374
111 375
111 376
111 377
111 378
111 379
111 446
111 447
111 448
111 449
111 450
111 451
111 452
111 453
111 454
111 455
111 456
111 457
111 458
111 459
111 460
111 461
111 462
111 463
111 464
111 465
111 466
112 361
112 362
112 363
112 364
112 365
112 366
112 367
112 368
112 369
112 370
112 371
112 372
112 373
112 374
112 375
112 376
112 377
112 378
112 379
112 380
112 446
112 447
112 448
112 449
112 450
112 451
112 452
112 453
112 454
112 455
112 456
112 457
112 458
112 459
112 460
112 461
112 462
112 463
112 464
112 465
112 466
113 362
113 363
113 364
113 365
113 366
113 367
113 368
113 369
113 370
113 371
113 372
113 373
113 374
113 375
113 376
113 377
113 378
113 379
113 380
113 446
113 447
113 448
113 449
113 450
113 451
113 452
113 453
113 454
113 455
113 456
113 457
113 458
113 459
113 460
113 461
113 462
113 463
113 464
113 465
113 466
114 362
114 363
114 364
114 365
114 366
114 367
114 368
114 369
114 370
114 371
114 372
114 373
114 374
114 375
114 376
114 377
114 378
114 379
114 380
114 381
114 445
114 446
114 447
114 448
114 449
114 450
114 451
114 452
114 453
114 454
114 455
114 456
114 457
114 458
114 459
114 460
114 461
114 462
114 463
114 464
114 465
115 363
115 364
115 365
115 366
115 367
115 368
115 369
115 370
115 371
115 372
115 373
115 374
115 375
115 376
115 377
115 378
115 379
115 380
115 381
115 382
115 445
115 446
115 447
115 448
115 449
115 450
115 451
115 452
115 453
115 454
115 455
115 456
115 457
115 458
115 459
115 460
115 461
115 462
115 463
115 464
115 465
116 363
116 364
116 365
116 366
116 367
116 368
116 369
116 370
116 371
116 372
116 373
116 374
116 375
116 376
116 377
116 378
116 379
116 380
116 381
116 382
116 383
116 444
116 445
116 446
116 447
116 448
116 449
116 450
116 451
116 452
116 453
116 454
116 455
116 456
116 457
116 458
116 459
116 460
116 461
116 462
116 463
116 464
116 465
117 364
117 365
117 366
117 367
117 368
117 369
117 370
117 371
117 372
117 373
117 374
117 375
117 376
117 377
117 378
117 379
117 380
117 381
117 382
117 383
117 443
117 444
117 445
117 446
117 447
117 448
117 449
117 450
117 451
117 452
117 453
117 454
117 455
117 456
117 457
117 458
117 459
117 460
117 461
117 462
117 463
117 464
117 465
118 365
118 366
118 367
118 368
118 369
118 370
118 371
118 372
118 373
118 374
118 375
118 376
118 377
118 378
118 379
118 380
118 381
118 382
118 383
118 384
118 442
118 443
118 444
118 445
118 446
118 447
118 448
118 449
118 450
118 451
118 452
118 453
118 454
118 455
118 456
118 457
118 458
118 459
118 460
118 461
118 462
118 463
118 464
119 366
119 367
119 368
119 369
119 370
119 371
119 372
119 373
119 374
119 375
119 376
119 377
119 378
119 379
119 380
119 381
119 382
119 383
119 384
119 385
119 441
119 442
119 443
119 444
119 445
119 446
119 447
119 448
119 449
119 450
119 451
119 452
119 453
119 454
119 455
119 456
119 457
119 458
119 459
119 460
119 461
119 462
119 463
119 464
120 366
120 367
120 368
120 369
120 370
120 371
120 372
120 373
120 374
120 375
120 376
120 377
120 378
120 379
120 380
120 381
120 382
120 383
120 384
120 385
120 386
120 439
120 440
120 441
120 442
120 443
120 444
120 445
120 446
120 447
120 448
120 449
120 450
120 451
120 452
120 453
120 454
120 455
120 456
120 457
120 458
120 459
120 460
120 461
120 462
120 463
120 464
121 367
121 368
121 369
121 370
121 371
121 372
121 373
121 374
121 375
121 376
121 377
121 378
121 379
121 380
121 381
121 382
121 383
121 384
121 385
121 386
121 387
121 437
121 438
121 439
121 440
121 441
121 442
121 443
121 444
121 445
121 446
121 447
121 448
121 449
121 450
121 451
121 452
121 453
121 454
121 455
121 456
121 457
121 458
121 459
121 460
121 461
121 462
121 463
122 368
122 369
122 370
122 371
122 372
122 373
122 374
122 375
122 376
122 377
122 378
122 379
122 380
122 381
122 382
122 383
122 384
122 385
122 386
122 387
122 388
122 434
122 435
122 436
122 437
122 438
122 439
122 440
122 441
122 442
122 443
122 444
122 445
122 446
122 447
122 448
122 449
122 450
122 451
122 452
122 453
122 454
122 455
122 456
122 457
122 458
122 459
122 460
122 461
122 462
122 463
123 369
123 370
123 371
123 372
123 373
123 374
123 375
123 376
123 377
123 378
123 379
123 380
123 381
123 382
123 383
123 384
123 385
123 386
123 387
123 388
123 389
123 430
123 431
123 432
123 433
123 434
123 435
123 436
123 437
123 438
123 439
123 440
123 441
123 442
123 443
123 444
123 445
123 446
123 447
123 448
123 449
123 450
123 451
123 452
123 453
123 454
123 455
123 456
123 457
123 458
123 459
123 460
123 461
123 462
124 370
124 371
124 372
124 373
124 374
124 375
124 376
124 377
124 378
124 379
124 380
124 381
124 382
124 383
124 384
124 385
124 386
124 387
124 388
124 389
124 390
124 391
124 413
124 414
124 415
124 416
124 417
124 418
124 419
124 420
124 421
124 422
124 423
124 424
124 425
124 426
124 427
124 428
124 429
124 430
124 431
124 432
124 433
124 434
124 435
124 436
124 437
124 438
124 439
124 440
124 441
124 442
124 443
124 444
124 445
124 446
124 447
124 448
124 449
124 450
124 451
124 452
124 453
124 454
124 455
124 456
124 457
124 458
124 459
124 460
124 461
124 462
125 371
125 372
125 373
125 374
125 375
125 376
125 377
125 378
125 379
125 380
125 381
125 382
125 383
125 384
125 385
125 386
125 387
125 388
125 389
125 390
125 391
125 392
125 393
125 394
125 395
125 396
125 397
125 398
125 399
125 400
125 401
125 402
125 403
125 404
125 405
125 406
125 407
125 408
125 409
125 410
125 411
125 412
125 413
125 414
125 415
125 416
125 417
125 418
125 419
125 420
125 421
125 422
125 423
125 424
125 425
125 426
125 427
125 428
125 429
125 430
125 431
125 432
125 433
125 434
125 435
125 436
125 437
125 438
125 439
125 440
125 441
125 442
125 443
125 444
125 445
125 446
125 447
125 448
125 449
125 450
125 451
125 452
125 453
125 454
125 455
125 456
125 457
125 458
125 459
125 460
125 461
126 372
126 373
126 374
126 375
126 376
126 377
126 378
126 379
126 380
126 381
126 382
126 383
126 384
126 385
126 386
126 387
126 388
126 389
126 390
126 391
126 392
126 393
126 394
126 395
126 396
126 397
126 398
126 399
126 400
126 401
126 402
126 403
126 404
126 405
126 406
126 407
126 408
126 409
126 410
126 411
126 412
126 413
126 414
126 415
126 416
126 417
126 418
126 419
126 420
126 421
126 422
126 423
126 424
126 425
126 426
126 427
126 428
126 429
126 430
126 431
126 432
126 433
126 434
126 435
126 436
126 437
126 438
126 439
126 440
126 441
126 442
126 443
126 444
126 445
126 446
126 447
126 448
126 449
126 450
126 451
126 452
126 453
126 454
126 455
126 456
126 457
126 458
126 459
126 460
127 374
127 375
127 376
127 377
127 378
127 379
127 380
127 381
127 382
127 383
127 384
127 385
127 386
127 387
127 388
127 389
127 390
127 391
127 392
127 393
127 394
127 395
127 396
127 397
127 398
127 399
127 400
127 401
127 402
127 403
127 404
127 405
127 406
127 407
127 408
127 409
127 410
127 411
127 412
127 413
127 414
127 415
127 416
127 417
127 418
127 419
127 420
127 421
127 422
127 423
127 424
127 425
127 426
127 427
127 428
127 429
127 430
127 431
127 432
127 433
127 434
127 435
127 436
127 437
127 438
127 439
127 440
127 441
127 442
127 443
127 444
127 445
127 446
127 447
127 448
127 449
127 450
127 451
127 452
127 453
127 454
127 455
127 456
127 457
127 458
127 459
128 375
128 376
128 377
128 378
128 379
128 380
128 381
128 382
128 383
128 384
128 385
128 386
128 387
128 388
128 389
128 390
128 391
128 392
128 393
128 394
128 395
128 396
128 397
128 398
128 399
128 400
128 401
128 402
128 403
128 404
128 405
128 406
128 407
128 408
128 409
128 410
128 411
128 412
128 413
128 414
128 415
128 416
128 417
128 418
128 419
128 420
128 421
128 422
128 423
128 424
128 425
128 426
128 427
128 428
128 429
128 430
128 431
128 432
128 433
128 434
128 435
128 436
128 437
128 438
128 439
128 440
128 441
128 442
128 443
128 444
128 445
128 446
128 447
128 448
128 449
128 450
128 451
128 452
128 453
128 454
128 455
128 456
128 457
128 458
129 375
129 376
129 377
129 378
129 379
129 380
129 381
129 382
129 383
129 384
129 385
129 386
129 387
129 388
129 389
129 390
129 391
129 392
129 393
129 394
129 395
129 396
129 397
129 398
129 399
129 400
129 401
129 402
129 403
129 404
129 405
129 406
129 407
129 408
129 409
129 410
129 411
129 412
129 413
129 414
129 415
129 416
129 417
129 418
129 419
129 420
129 421
129 422
129 423
129 424
129 425
129 426
129 427
129 428
129 429
129 430
129 431
129 432
129 433
129 434
129 435
129 436
129 437
129 438
129 439
129 440
129 441
129 442
129 443
129 444
129 445
129 446
129 447
129 448
129 449
129 450
129 451
129 452
129 453
129 454
129 455
129 456
129 457
130 374
130 375
130 376
130 377
130 378
130 379
130 380
130 381
130 382
130 383
130 384
130 385
130 386
130 387
130 388
130 389
130 390
130 391
130 392
130 393
130 394
130 395
130 396
130 397
130 398
130 399
130 400
130 401
130 402
130 403
130 404
130 405
130 406
130 407
130 408
130 409
130 410
130 411
130 412
130 413
130 414
130 415
130 416
130 417
130 418
130 419
130 420
130 421
130 422
130 423
130 424
130 425
130 426
130 427
130 428
130 429
130 430
130 431
130 432
130 433
130 434
130 435
130 436
130 437
130 438
130 439
130 440
130 441
130 442
130 443
130 444
130 445
130 446
130 447
130 448
130 449
130 450
130 451
130 452
130 453
130 454
130 455
130 456
131 372
131 373
131 374
131 375
131 376
131 377
131 378
131 379
131 380
131 381
131 382
131 383
131 384
131 385
131 386
131 387
131 388
131 389
131 390
131 391
131 392
131 393
131 394
131 395
131 396
131 397
131 398
131 399
131 400
131 401
131 402
131 403
131 404
131 405
131 406
131 407
131 408
131 409
131 410
131 411
131 412
131 413
131 414
131 415
131 416
131 417
131 418
131 419
131 420
131 421
131 422
131 423
131 424
131 425
131 426
131 427
131 428
131 429
131 430
131 431
131 432
131 433
131 434
131 435
131 436
131 437
131 438
131 439
131 440
131 441
131 442
131 443
131 444
131 445
131 446
131 447
131 448
131 449
131 450
131 451
131 452
131 453
131 454
131 455
132 371
132 372
132 373
132 374
132 375
132 376
132 377
132 378
132 379
132 380
132 381
132 382
132 383
132 384
132 385
132 386
132 387
132 388
132 389
132 390
132 391
132 392
132 393
132 394
132 395
132 396
132 397
132 398
132 399
132 400
132 401
132 402
132 403
132 404
132 405
132 406
132 407
132 408
132 409
132 410
132 411
132 412
132 413
132 414
132 415
132 416
132 417
132 418
132 419
132 420
132 421
132 422
132 423
132 424
132 425
132 426
132 427
132 428
132 429
132 430
132 431
132 432
132 433
132 434
132 435
132 436
132 437
132 438
132 439
132 440
132 441
132 442
132 443
132 444
132 445
132 446
132 447
132 448
132 449
132 450
132 451
132 452
132 453
132 454
133 370
133 371
133 372
133 373
133 374
133 375
133 376
133 377
133 378
133 379
133 380
133 381
133 382
133 383
133 384
133 385
133 386
133 387
133 388
133 389
133 390
133 391
133 392
133 393
133 394
133 395
133 396
133 397
133 398
133 399
133 400
133 401
133 402
133 403
133 404
133 405
133 406
133 407
133 408
133 409
133 410
133 411
133 412
133 413
133 414
133 415
133 416
133 417
133 418
133 419
133 420
133 421
133 422
133 423
133 424
133 425
133 426
133 427
133 428
133 429
133 430
133 431
133 432
133 433
133 434
133 435
133 436
133 437
133 438
133 439
133 440
133 441
133 442
133 443
133 444
133 445
133 446
133 447
133 448
133 449
133 450
133 451
133 452
134 368
134 369
134 370
134 371
134 372
134 373
134 374
134 375
134 376
134 377
134 378
134 379
134 380
134 381
134 382
134 383
134 384
134 385
134 386
134 387
134 388
134 389
134 390
134 391
134 392
134 393
134 394
134 395
134 396
134 397
134 398
134 399
134 400
134 401
134 402
134 403
134 404
134 405
134 406
134 407
134 408
134 409
134 410
134 411
134 412
134 413
134 414
134 415
134 416
134 417
134 418
134 419
134 420
134 421
134 422
134 423
134 424
134 425
134 426
134 427
134 428
134 429
134 430
134 431
134 432
134 433
134 434
134 435
134 436
134 437
134 438
134 439
134 440
134 441
134 442
134 443
134 444
134 445
134 446
134 447
134 448
134 449
134 450
134 451
135 368
135 369
135 370
135 371
135 372
135 373
135 374
135 375
135 376
135 377
135 378
135 379
135 380
135 381
135 382
135 383
135 384
135 385
135 386
135 387
135 388
135 389
135 390
135 391
135 392
135 393
135 394
135 395
135 396
135 397
135 398
135 399
135 400
135 401
135 402
135 403
135 404
135 405
135 406
135 407
135 408
135 409
135 410
135 411
135 412
135 413
135 414
135 415
135 416
135 417
135 418
135 419
135 420
135 421
135 422
135 423
135 424
135 425
135 426
135 427
135 428
135 429
135 430
135 431
135 432
135 433
135 434
135 435
135 436
135 437
135 438
135 439
135 440
135 441
135 442
135 443
135 444
135 445
135 446
135 447
135 448
135 449
136 367
136 368
136 369
136 370
136 371
136 372
136 373
136 374
136 375
136 376
136 377
136 378
136 379
136 380
136 381
136 382
136 383
136 384
136 385
136 386
136 387
136 388
136 389
136 390
136 391
136 392
136 393
136 394
136 395
136 396
136 397
136 398
136 399
136 400
136 401
136 402
136 403
136 404
136 405
136 406
136 407
136 408
136 409
136 410
136 411
136 412
136 413
136 414
136 415
136 416
136 417
136 418
136 419
136 420
136 421
136 422
136 423
136 424
136 425
136 426
136 427
136 428
136 429
136 430
136 431
136 432
136 433
136 434
136 435
136 436
136 437
136 438
136 439
136 440
136 441
136 442
136 443
136 444
136 445
136 446
137 366
137 367
137 368
137 369
137 370
137 371
137 372
137 373
137 374
137 375
137 376
137 377
137 378
137 379
137 380
137 381
137 382
137 383
137 384
137 385
137 386
137 387
137 388
137 389
137 390
137 391
137 392
137 393
137 394
137 395
137 396
137 397
137 398
137 399
137 400
137 401
137 402
137 403
137 404
137 405
137 406
137 407
137 408
137 409
137 410
137 411
137 412
137 413
137 414
137 415
137 416
137 417
137 418
137 419
137 420
137 421
137 422
137 423
137 424
137 425
137 426
137 427
137 428
137 429
137 430
137 431
137 432
137 433
137 434
137 435
137 436
137 437
137 438
137 439
137 440
137 441
137 442
137 443
137 444
138 366
138 367
138 368
138 369
138 370
138 371
138 372
138 373
138 374
138 375
138 376
138 377
138 378
138 379
138 380
138 381
138 382
138 383
138 384
138 385
138 386
138 387
138 388
138 389
138 390
138 391
138 392
138 393
138 394
138 395
138 396
138 397
138 398
138 399
138 400
138 401
138 402
138 403
138 404
138 405
138 406
138 407
138 408
138 409
138 410
138 411
138 412
138 413
138 414
138 415
138 416
138 417
138 418
138 419
138 420
138 421
138 422
138 423
138 424
138 425
138 426
138 427
138 428
138 429
138 430
138 431
138 432
138 433
138 434
138 435
138 436
138 437
138 438
138 439
138 440
139 365
139 366
139 367
139 368
139 369
139 370
139 371
139 372
139 373
139 374
139 375
139 376
139 377
139 378
139 379
139 380
139 381
139 382
139 383
139 384
139 385
139 386
139 387
139 388
139 389
139 390
139 391
139 392
139 393
139 394
139 395
139 396
139 397
139 398
139 399
139 400
139 401
139 402
139 403
139 404
139 405
139 406
139 407
139 408
139 409
139 410
139 411
139 412
139 413
139 414
139 415
139 416
139 417
139 418
139 419
139 420
139 421
139 422
139 423
139 424
139 425
139 426
139 427
139 428
139 429
139 430
139 431
139 432
139 433
139 434
139 435
140 365
140 366
140 367
140 368
140 369
140 370
140 371
140 372
140 373
140 374
140 375
140 376
140 377
140 378
140 379
140 380
140 381
140 382
140 383
140 384
140 385
140 386
140 387
140 388
140 389
140 390
140 391
140 392
140 393
140 394
140 395
140 396
140 397
140 398
140 399
140 400
140 401
140 402
140 403
140 404
140 405
140 406
140 407
140 408
140 409
140 410
140 411
140 412
140 413
140 414
140 415
140 416
140 417
140 418
140 419
140 420
140 421
140 422
141 364
141 365
141 366
141 367
141 368
141 369
141 370
141 371
141 372
141 373
141 374
141 375
141 376
141 377
141 378
141 379
141 380
141 381
141 382
141 383
141 384
141 385
141 386
141 387
141 388
141 389
141 390
141 391
141 392
141 393
141 394
141 395
141 396
141 397
141 398
142 364
142 365
142 366
142 367
142 368
142 369
142 370
142 371
142 372
142 373
142 374
142 375
142 376
142 377
142 378
142 379
142 380
142 381
142 382
142 383
142 384
142 385
142 386
142 387
142 388
142 389
142 390
143 364
143 365
143 366
143 367
143 368
143 369
143 370
143 371
143 372
143 373
143 374
143 375
143 376
143 377
143 378
143 379
143 380
143 381
143 382
143 383
143 384
143 385
143 386
143 387
144 363
144 364
144 365
144 366
144 367
144 368
144 369
144 370
144 371
144 372
144 373
144 374
144 375
144 376
144 377
144 378
144 379
144 380
144 381
144 382
144 383
144 384
144 385
145 363
145 364
145 365
145 366
145 367
145 368
145 369
145 370
145 371
145 372
145 373
145 374
145 375
145 376
145 377
145 378
145 379
145 380
145 381
145 382
145 383
146 363
146 364
146 365
146 366
146 367
146 368
146 369
146 370
146 371
146 372
146 373
146 374
146 375
146 376
146 377
146 378
146 379
146 380
146 381
146 382
147 363
147 364
147 365
147 366
147 367
147 368
147 369
147 370
147 371
147 372
147 373
147 374
147 375
147 376
147 377
147 378
147 379
147 380
147 381
148 363
148 364
148 365
148 366
148 367
148 368
148 369
148 370
148 371
148 372
148 373
148 374
148 375
148 376
148 377
148 378
148 379
148 380
148 381
149 363
149 364
149 365
149 366
149 367
149 368
149 369
149 370
149 371
149 372
149 373
149 374
149 375
149 376
149 377
149 378
149 379
149 380
150 363
150 364
150 365
150 366
150 367
150 368
150 369
150 370
150 371
150 372
150 373
150 374
150 375
150 376
150 377
150 378
150 379
150 380
151 363
151 364
151 365
151 366
151 367
151 368
151 369
151 370
151 371
151 372
151 373
151 374
151 375
151 376
151 377
151 378
151 379
151 380
152 363
152 364
152 365
152 366
152 367
152 368
152 369
152 370
152 371
152 372
152 373
152 374
152 375
152 376
152 377
152 378
152 379
152 380
153 363
153 364
153 365
153 366
153 367
153 368
153 369
153 370
153 371
153 372
153 373
153 374
153 375
153 376
153 377
153 378
153 379
153 380
154 364
154 365
154 366
154 367
154 368
154 369
154 370
154 371
154 372
154 373
154 374
154 375
154 376
154 377
154 378
154 379
154 380
155 364
155 365
155 366
155 367
155 368
155 369
155 370
155 371
155 372
155 373
155 374
155 375
155 376
155 377
155 378
155 379
155 380
156 364
156 365
156 366
156 367
156 368
156 369
156 370
156 371
156 372
156 373
156 374
156 375
156 376
156 377
156 378
156 379
156 380
157 364
157 365
157 366
157 367
157 368
157 369
157 370
157 371
157 372
157 373
157 374
157 375
157 376
157 377
157 378
157 379
157 380
158 365
158 366
158 367
158 368
158 369
158 370
158 371
158 372
158 373
158 374
158 375
158 376
158 377
158 378
158 379
158 380
158 381
158 407
158 408
158 409
158 410
158 411
158 412
158 413
159 365
159 366
159 367
159 368
159 369
159 370
159 371
159 372
159 373
159 374
159 375
159 376
159 377
159 378
159 379
159 380
159 381
159 400
159 401
159 402
159 403
159 404
159 405
159 406
159 407
159 408
159 409
159 410
159 411
159 412
159 413
159 414
159 415
159 416
159 417
159 418
159 419
159 420
159 421
160 365
160 366
160 367
160 368
160 369
160 370
160 371
160 372
160 373
160 374
160 375
160 376
160 377
160 378
160 379
160 380
160 381
160 382
160 396
160 397
160 398
160 399
160 400
160 401
160 402
160 403
160 404
160 405
160 406
160 407
160 408
160 409
160 410
160 411
160 412
160 413
160 414
160 415
160 416
160 417
160 418
160 419
160 420
160 421
160 422
160 423
160 424
160 425
161 366
161 367
161 368
161 369
161 370
161 371
161 372
161 373
161 374
161 375
161 376
161 377
161 378
161 379
161 380
161 381
161 382
161 393
161 394
161 395
161 396
161 397
161 398
161 399
161 400
161 401
161 402
161 403
161 404
161 405
161 406
161 407
161 408
161 409
161 410
161 411
161 412
161 413
161 414
161 415
161 416
161 417
161 418
161 419
161 420
161 421
161 422
161 423
161 424
161 425
161 426
161 427
161 428
162 366
162 367
162 368
162 369
162 370
162 371
162 372
162 373
162 374
162 375
162 376
162 377
162 378
162 379
162 380
162 381
162 382
162 383
162 391
162 392
162 393
162 394
162 395
162 396
162 397
162 398
162 399
162 400
162 401
162 402
162 403
162 404
162 405
162 406
162 407
162 408
162 409
162 410
162 411
162 412
162 413
162 414
162 415
162 416
162 417
162 418
162 419
162 420
162 421
162 422
162 423
162 424
162 425
162 426
162 427
162 428
162 429
162 430
162 431
163 367
163 368
163 369
163 370
163 371
163 372
163 373
163 374
163 375
163 376
163 377
163 378
163 379
163 380
163 381
163 382
163 383
163 384
163 389
163 390
163 391
163 392
163 393
163 394
163 395
163 396
163 397
163 398
163 399
163 400
163 401
163 402
163 403
163 404
163 405
163 406
163 407
163 408
163 409
163 410
163 411
163 412
163 413
163 414
163 415
163 416
163 417
163 418
163 419
163 420
163 421
163 422
163 423
163 424
163 425
163 426
163 427
163 428
163 429
163 430
163 431
163 432
163 433
164 367
164 368
164 369
164 370
164 371
164 372
164 373
164 374
164 375
164 376
164 377
164 378
164 379
164 380
164 381
164 382
164 383
164 384
164 385
164 388
164 389
164 390
164 391
164 392
164 393
164 394
164 395
164 396
164 397
164 398
164 399
164 400
164 401
164 402
164 403
164 404
164 405
164 406
164 407
164 408
164 409
164 410
164 411
164 412
164 413
164 414
164 415
164 416
164 417
164 418
164 419
164 420
164 421
164 422
164 423
164 424
164 425
164 426
164 427
164 428
164 429
164 430
164 431
164 432
164 433
164 434
164 435
165 368
165 369
165 370
165 371
165 372
165 373
165 374
165 375
165 376
165 377
165 378
165 379
165 380
165 381
165 382
165 383
165 384
165 385
165 386
165 387
165 388
165 389
165 390
165 391
165 392
165 393
165 394
165 395
165 396
165 397
165 398
165 399
165 400
165 401
165 402
165 403
165 404
165 405
165 406
165 407
165 408
165 409
165 410
165 411
165 412
165 413
165 414
165 415
165 416
165 417
165 418
165 419
165 420
165 421
165 422
165 423
165 424
165 425
165 426
165 427
165 428
165 429
165 430
165 431
165 432
165 433
165 434
165 435
165 436
165 437
166 369
166 370
166 371
166 372
166 373
166 374
166 375
166 376
166 377
166 378
166 379
166 380
166 381
166 382
166 383
166 384
166 385
166 386
166 387
166 388
166 389
166 390
166 391
166 392
166 393
166 394
166 395
166 396
166 397
166 398
166 399
166 400
166 401
166 402
166 403
166 404
166 405
166 406
166 407
166 408
166 409
166 410
166 411
166 412
166 413
166 414
166 415
166 416
166 417
166 418
166 419
166 420
166 421
166 422
166 423
166 424
166 425
166 426
166 427
166 428
166 429
166 430
166 431
166 432
166 433
166 434
166 435
166 436
166 437
166 438
167 369
167 370
167 371
167 372
167 373
167 374
167 375
167 376
167 377
167 378
167 379
167 380
167 381
167 382
167 383
167 384
167 385
167 386
167 387
167 388
167 389
167 390
167 391
167 392
167 393
167 394
167 395
167 396
167 397
167 398
167 399
167 400
167 401
167 402
167 403
167 404
167 405
167 406
167 407
167 408
167 409
167 410
167 411
167 412
167 413
167 414
167 415
167 416
167 417
167 418
167 419
167 420
167 421
167 422
167 423
167 424
167 425
167 426
167 427
167 428
167 429
167 430
167 431
167 432
167 433
167 434
167 435
167 436
167 437
167 438
167 439
168 370
168 371
168 372
168 373
168 374
168 375
168 376
168 377
168 378
168 379
168 380
168 381
168 382
168 383
168 384
168 385
168 386
168 387
168 388
168 389
168 390
168 391
168 392
168 393
168 394
168 395
168 396
168 397
168 398
168 399
168 400
168 401
168 402
168 403
168 404
168 405
168 406
168 407
168 408
168 409
168 410
168 411
168 412
168 413
168 414
168 415
168 416
168 417
168 418
168 419
168 420
168 421
168 422
168 423
168 424
168 425
168 426
168 427
168 428
168 429
168 430
168 431
168 432
168 433
168 434
168 435
168 436
168 437
168 438
168 439
168 440
168 441
169 371
169 372
169 373
169 374
169 375
169 376
169 377
169 378
169 379
169 380
169 381
169 382
169 383
169 384
169 385
169 386
169 387
169 388
169 389
169 390
169 391
169 392
169 393
169 394
169 395
169 396
169 397
169 398
169 399
169 400
169 401
169 402
169 403
169 404
169 405
169 406
169 407
169 408
169 409
169 410
169 411
169 412
169 413
169 414
169 415
169 416
169 417
169 418
169 419
169 420
169 421
169 422
169 423
169 424
169 425
169 426
169 427
169 428
169 429
169 430
169 431
169 432
169 433
169 434
169 435
169 436
169 437
169 438
169 439
169 440
169 441
169 442
170 372
170 373
170 374
170 375
170 376
170 377
170 378
170 379
170 380
170 381
170 382
170 383
170 384
170 385
170 386
170 387
170 388
170 389
170 390
170 391
170 392
170 393
170 394
170 395
170 396
170 397
170 398
170 399
170 400
170 401
170 402
170 403
170 404
170 405
170 406
170 407
170 408
170 409
170 410
170 411
170 412
170 413
170 414
170 415
170 416
170 417
170 418
170 419
170 420
170 421
170 422
170 423
170 424
170 425
170 426
170 427
170 428
170 429
170 430
170 431
170 432
170 433
170 434
170 435
170 436
170 437
170 438
170 439
170 440
170 441
170 442
170 443
171 372
171 373
171 374
171 375
171 376
171 377
171 378
171 379
171 380
171 381
171 382
171 383
171 384
171 385
171 386
171 387
171 388
171 389
171 390
171 391
171 392
171 393
171 394
171 395
171 396
171 397
171 398
171 399
171 400
171 401
171 402
171 403
171 404
171 405
171 406
171 407
171 408
171 409
171 410
171 411
171 412
171 413
171 414
171 415
171 416
171 417
171 418
171 419
171 420
171 421
171 422
171 423
171 424
171 425
171 426
171 427
171 428
171 429
171 430
171 431
171 432
171 433
171 434
171 435
171 436
171 437
171 438
171 439
171 440
171 441
171 442
171 443
171 444
172 373
172 374
172 375
172 376
172 377
172 378
172 379
172 380
172 381
172 382
172 383
172 384
172 385
172 386
172 387
172 388
172 389
172 390
172 391
172 392
172 393
172 394
172 395
172 396
172 397
172 398
172 399
172 400
172 401
172 402
172 403
172 404
172 405
172 406
172 407
172 408
172 409
172 410
172 411
172 412
172 413
172 414
172 415
172 416
172 417
172 418
172 419
172 420
172 421
172 422
172 423
172 424
172 425
172 426
172 427
172 428
172 429
172 430
172 431
172 432
172 433
172 434
172 435
172 436
172 437
172 438
172 439
172 440
172 441
172 442
172 443
172 444
172 445
173 374
173 375
173 376
173 377
173 378
173 379
173 380
173 381
173 382
173 383
173 384
173 385
173 386
173 387
173 388
173 389
173 390
173 391
173 392
173 393
173 394
173 395
173 396
173 397
173 398
173 399
173 400
173 401
173 402
173 403
173 404
173 405
173 406
173 407
173 408
173 409
173 410
173 411
173 412
173 413
173 414
173 415
173 416
173 417
173 418
173 419
173 420
173 421
173 422
173 423
173 424
173 425
173 426
173 427
173 428
173 429
173 430
173 431
173 432
173 433
173 434
173 435
173 436
173 437
173 438
173 439
173 440
173 441
173 442
173 443
173 444
173 445
173 446
174 374
174 375
174 376
174 377
174 378
174 379
174 380
174 381
174 382
174 383
174 384
174 385
174 386
174 387
174 388
174 389
174 390
174 391
174 392
174 393
174 394
174 395
174 396
174 397
174 398
174 399
174 400
174 401
174 402
174 403
174 404
174 415
174 416
174 417
174 418
174 419
174 420
174 421
174 422
174 423
174 424
174 425
174 426
174 427
174 428
174 429
174 430
174 431
174 432
174 433
174 434
174 435
174 436
174 437
174 438
174 439
174 440
174 441
174 442
174 443
174 444
174 445
174 446
174 447
175 373
175 374
175 375
175 376
175 377
175 378
175 379
175 380
175 381
175 382
175 383
175 384
175 385
175 386
175 387
175 388
175 389
175 390
175 391
175 392
175 393
175 394
175 395
175 396
175 397
175 398
175 399
175 400
175 420
175 421
175 422
175 423
175 424
175 425
175 426
175 427
175 428
175 429
175 430
175 431
175 432
175 433
175 434
175 435
175 436
175 437
175 438
175 439
175 440
175 441
175 442
175 443
175 444
175 445
175 446
175 447
176 372
176 373
176 374
176 375
176 376
176 377
176 378
176 379
176 380
176 381
176 382
176 383
176 384
176 385
176 386
176 387
176 388
176 389
176 390
176 391
176 392
176 393
176 394
176 395
176 396
176 397
176 422
176 423
176 424
176 425
176 426
176 427
176 428
176 429
176 430
176 431
176 432
176 433
176 434
176 435
176 436
176 437
176 438
176 439
176 440
176 441
176 442
176 443
176 444
176 445
176 446
176 447
176 448
177 372
177 373
177 374
177 375
177 376
177 377
177 378
177 379
177 380
177 381
177 382
177 383
177 384
177 385
177 386
177 387
177 388
177 389
177 390
177 391
177 392
177 393
177 394
177 395
177 424
177 425
177 426
177 427
177 428
177 429
177 430
177 431
177 432
177 433
177 434
177 435
177 436
177 437
177 438
177 439
177 440
177 441
177 442
177 443
177 444
177 445
177 446
177 447
177 448
177 449
178 371
178 372
178 373
178 374
178 375
178 376
178 377
178 378
178 379
178 380
178 381
178 382
178 383
178 384
178 385
178 386
178 387
178 388
178 389
178 390
178 391
178 392
178 393
178 426
178 427
178 428
178 429
178 430
178 431
178 432
178 433
178 434
178 435
178 436
178 437
178 438
178 439
178 440
178 441
178 442
178 443
178 444
178 445
178 446
178 447
178 448
178 449
179 370
179 371
179 372
179 373
179 374
179 375
179 376
179 377
179 378
179 379
179 380
179 381
179 382
179 383
179 384
179 385
179 386
179 387
179 388
179 389
179 390
179 391
179 392
179 427
179 428
179 429
179 430
179 431
179 432
179 433
179 434
179 435
179 436
179 437
179 438
179 439
179 440
179 441
179 442
179 443
179 444
179 445
179 446
179 447
179 448
179 449
179 450
180 370
180 371
180 372
180 373
180 374
180 375
180 376
180 377
180 378
180 379
180 380
180 381
180 382
180 383
180 384
180 385
180 386
180 387
180 388
180 389
180 390
180 391
180 428
180 429
180 430
180 431
180 432
180 433
180 434
180 435
180 436
180 437
180 438
180 439
180 440
180 441
180 442
180 443
180 444
180 445
180 446
180 447
180 448
180 449
180 450
181 369
181 370
181 371
181 372
181 373
181 374
181 375
181 376
181 377
181 378
181 379
181 380
181 381
181 382
181 383
181 384
181 385
181 386
181 387
181 388
181 389
181 390
181 429
181 430
181 431
181 432
181 433
181 434
181 435
181 436
181 437
181 438
181 439
181 440
181 441
181 442
181 443
181 444
181 445
181 446
181 447
181 448
181 449
181 450
181 451
182 369
182 370
182 371
182 372
182 373
182 374
182 375
182 376
182 377
182 378
182 379
182 380
182 381
182 382
182 383
182 384
182 385
182 386
182 387
182 388
182 389
182 430
182 431
182 432
182 433
182 434
182 435
182 436
182 437
182 438
182 439
182 440
182 441
182 442
182 443
182 444
182 445
182 446
182 447
182 448
182 449
182 450
182 451
183 369
183 370
183 371
183 372
183 373
183 374
183 375
183 376
183 377
183 378
183 379
183 380
183 381
183 382
183 383
183 384
183 385
183 386
183 387
183 388
183 431
183 432
183 433
183 434
183 435
183 436
183 437
183 438
183 439
183 440
183 441
183 442
183 443
183 444
183 445
183 446
183 447
183 448
183 449
183 450
183 451
184 368
184 369
184 370
184 371
184 372
184 373
184 374
184 375
184 376
184 377
184 378
184 379
184 380
184 381
184 382
184 383
184 384
184 385
184 386
184 387
184 388
184 432
184 433
184 434
184 435
184 436
184 437
184 438
184 439
184 440
184 441
184 442
184 443
184 444
184 445
184 446
184 447
184 448
184 449
184 450
184 451
184 452
185 368
185 369
185 370
185 371
185 372
185 373
185 374
185 375
185 376
185 377
185 378
185 379
185 380
185 381
185 382
185 383
185 384
185 385
185 386
185 387
185 432
185 433
185 434
185 435
185 436
185 437
185 438
185 439
185 440
185 441
185 442
185 443
185 444
185 445
185 446
185 447
185 448
185 449
185 450
185 451
185 452
186 367
186 368
186 369
186 370
186 371
186 372
186 373
186 374
186 375
186 376
186 377
186 378
186 379
186 380
186 381
186 382
186 383
186 384
186 385
186 386
186 433
186 434
186 435
186 436
186 437
186 438
186 439
186 440
186 441
186 442
186 443
186 444
186 445
186 446
186 447
186 448
186 449
186 450
186 451
186 452
187 367
187 368
187 369
187 370
187 371
187 372
187 373
187 374
187 375
187 376
187 377
187 378
187 379
187 380
187 381
187 382
187 383
187 384
187 385
187 386
187 433
187 434
187 435
187 436
187 437
187 438
187 439
187 440
187 441
187 442
187 443
187 444
187 445
187 446
187 447
187 448
187 449
187 450
187 451
187 452
187 453
188 367
188 368
188 369
188 370
188 371
188 372
188 373
188 374
188 375
188 376
188 377
188 378
188 379
188 380
188 381
188 382
188 383
188 384
188 385
188 386
188 434
188 435
188 436
188 437
188 438
188 439
188 440
188 441
188 442
188 443
188 444
188 445
188 446
188 447
188 448
188 449
188 450
188 451
188 452
188 453
189 367
189 368
189 369
189 370
189 371
189 372
189 373
189 374
189 375
189 376
189 377
189 378
189 379
189 380
189 381
189 382
189 383
189 384
189 385
189 434
189 435
189 436
189 437
189 438
189 439
189 440
189 441
189 442
189 443
189 444
189 445
189 446
189 447
189 448
189 449
189 450
189 451
189 452
189 453
190 366
190 367
190 368
190 369
190 370
190 371
190 372
190 373
190 374
190 375
190 376
190 377
190 378
190 379
190 380
190 381
190 382
190 383
190 384
190 385
190 435
190 436
190 437
190 438
190 439
190 440
190 441
190 442
190 443
190 444
190 445
190 446
190 447
190 448
190 449
190 450
190 451
190 452
190 453
191 366
191 367
191 368
191 369
191 370
191 371
191 372
191 373
191 374
191 375
191 376
191 377
191 378
191 379
191 380
191 381
191 382
191 383
191 384
191 385
191 435
191 436
191 437
191 438
191 439
191 440
191 441
191 442
191 443
191 444
191 445
191 446
191 447
191 448
191 449
191 450
191 451
191 452
191 453
191 454
192 366
192 367
192 368
192 369
192 370
192 371
192 372
192 373
192 374
192 375
192 376
192 377
192 378
192 379
192 380
192 381
192 382
192 383
192 384
192 435
192 436
192 437
192 438
192 439
192 440
192 441
192 442
192 443
192 444
192 445
192 446
192 447
192 448
192 449
192 450
192 451
192 452
192 453
192 454
193 366
193 367
193 368
193 369
193 370
193 371
193 372
193 373
193 374
193 375
193 376
193 377
193 378
193 379
193 380
193 381
193 382
193 383
193 384
193 435
193 436
193 437
193 438
193 439
193 440
193 441
193 442
193 443
193 444
193 445
193 446
193 447
193 448
193 449
193 450
193 451
193 452
193 453
193 454
194 366
194 367
194 368
194 369
194 370
194 371
194 372
194 373
194 374
194 375
194 376
194 377
194 378
194 379
194 380
194 381
194 382
194 383
194 384
194 436
194 437
194 438
194 439
194 440
194 441
194 442
194 443
194 444
194 445
194 446
194 447
194 448
194 449
194 450
194 451
194 452
194 453
194 454
195 366
195 367
195 368
195 369
195 370
195 371
195 372
195 373
195 374
195 375
195 376
195 377
195 378
195 379
195 380
195 381
195 382
195 383
195 384
195 436
195 437
195 438
195 439
195 440
195 441
195 442
195 443
195 444
195 445
195 446
195 447
195 448
195 449
195 450
195 451
195 452
195 453
195 454
196 366
196 367
196 368
196 369
196 370
196 371
196 372
196 373
196 374
196 375
196 376
196 377
196 378
196 379
196 380
196 381
196 382
196 383
196 384
196 436
196 437
196 438
196 439
196 440
196 441
196 442
196 443
196 444
196 445
196 446
196 447
196 448
196 449
196 450
196 451
196 452
196 453
196 454
197 366
197 367
197 368
197 369
197 370
197 371
197 372
197 373
197 374
197 375
197 376
197 377
197 378
197 379
197 380
197 381
197 382
197 383
197 384
197 436
197 437
197 438
197 439
197 440
197 441
197 442
197 443
197 444
197 445
197 446
197 447
197 448
197 449
197 450
197 451
197 452
197 453
197 454
198 366
198 367
198 368
198 369
198 370
198 371
198 372
198 373
198 374
198 375
198 376
198 377
198 378
198 379
198 380
198 381
198 382
198 383
198 384
198 436
198 437
198 438
198 439
198 440
198 441
198 442
198 443
198 444
198 445
198 446
198 447
198 448
198 449
198 450
198 451
198 452
198 453
198 454
199 366
199 367
199 368
199 369
199 370
199 371
199 372
199 373
199 374
199 375
199 376
199 377
199 378
199 379
199 380
199 381
199 382
199 383
199 384
199 436
199 437
199 438
199 439
199 440
199 441
199 442
199 443
199 444
199 445
199 446
199 447
199 448
199 449
199 450
199 451
199 452
199 453
199 454
200 366
200 367
200 368
200 369
200 370
200 371
200 372
200 373
200 374
200 375
200 376
200 377
200 378
200 379
200 380
200 381
200 382
200 383
200 384
200 436
200 437
200 438
200 439
200 440
200 441
200 442
200 443
200 444
200 445
200 446
200 447
200 448
200 449
200 450
200 451
200 452
200 453
200 454
201 366
201 367
201 368
201 369
201 370
201 371
201 372
201 373
201 374
201 375
201 376
201 377
201 378
201 379
201 380
201 381
201 382
201 383
201 384
201 436
201 437
201 438
201 439
201 440
201 441
201 442
201 443
201 444
201 445
201 446
201 447
201 448
201 449
201 450
201 451
201 452
201 453
201 454
202 366
202 367
202 368
202 369
202 370
202 371
202 372
202 373
202 374
202 375
202 376
202 377
202 378
202 379
202 380
202 381
202 382
202 383
202 384
202 436
202 437
202 438
202 439
202 440
202 441
202 442
202 443
202 444
202 445
202 446
202 447
202 448
202 449
202 450
202 451
202 452
202 453
202 454
203 366
203 367
203 368
203 369
203 370
203 371
203 372
203 373
203 374
203 375
203 376
203 377
203 378
203 379
203 380
203 381
203 382
203 383
203 384
203 436
203 437
203 438
203 439
203 440
203 441
203 442
203 443
203 444
203 445
203 446
203 447
203 448
203 449
203 450
203 451
203 452
203 453
203 454
204 366
204 367
204 368
204 369
204 370
204 371
204 372
204 373
204 374
204 375
204 376
204 377
204 378
204 379
204 380
204 381
204 382
204 383
204 384
204 436
204 437
204 438
204 439
204 440
204 441
204 442
204 443
204 444
204 445
204 446
204 447
204 448
204 449
204 450
204 451
204 452
204 453
204 454
205 366
205 367
205 368
205 369
205 370
205 371
205 372
205 373
205 374
205 375
205 376
205 377
205 378
205 379
205 380
205 381
205 382
205 383
205 384
205 436
205 437
205 438
205 439
205 440
205 441
205 442
205 443
205 444
205 445
205 446
205 447
205 448
205 449
205 450
205 451
205 452
205 453
205 454
206 366
206 367
206 368
206 369
206 370
206 371
206 372
206 373
206 374
206 375
206 376
206 377
206 378
206 379
206 380
206 381
206 382
206 383
206 384
206 436
206 437
206 438
206 439
206 440
206 441
206 442
206 443
206 444
206 445
206 446
206 447
206 448
206 449
206 450
206 451
206 452
206 453
206 454
207 366
207 367
207 368
207 369
207 370
207 371
207 372
207 373
207 374
207 375
207 376
207 377
207 378
207 379
207 380
207 381
207 382
207 383
207 384
207 385
207 435
207 436
207 437
207 438
207 439
207 440
207 441
207 442
207 443
207 444
207 445
207 446
207 447
207 448
207 449
207 450
207 451
207 452
207 453
207 454
208 366
208 367
208 368
208 369
208 370
208 371
208 372
208 373
208 374
208 375
208 376
208 377
208 378
208 379
208 380
208 381
208 382
208 383
208 384
208 385
208 435
208 436
208 437
208 438
208 439
208 440
208 441
208 442
208 443
208 444
208 445
208 446
208 447
208 448
208 449
208 450
208 451
208 452
208 453
209 367
209 368
209 369
209 370
209 371
209 372
209 373
209 374
209 375
209 376
209 377
209 378
209 379
209 380
209 381
209 382
209 383
209 384
209 385
209 435
209 436
209 437
209 438
209 439
209 440
209 441
209 442
209 443
209 444
209 445
209 446
209 447
209 448
209 449
209 450
209 451
209 452
209 453
210 367
210 368
210 369
210 370
210 371
210 372
210 373
210 374
210 375
210 376
210 377
210 378
210 379
210 380
210 381
210 382
210 383
210 384
210 385
210 386
210 435
210 436
210 437
210 438
210 439
210 440
210 441
210 442
210 443
210 444
210 445
210 446
210 447
210 448
210 449
210 450
210 451
210 452
210 453
211 367
211 368
211 369
211 370
211 371
211 372
211 373
211 374
211 375
211 376
211 377
211 378
211 379
211 380
211 381
211 382
211 383
211 384
211 385
211 386
211 434
211 435
211 436
211 437
211 438
211 439
211 440
211 441
211 442
211 443
211 444
211 445
211 446
211 447
211 448
211 449
211 450
211 451
211 452
211 453
212 367
212 368
212 369
212 370
212 371
212 372
212 373
212 374
212 375
212 376
212 377
212 378
212 379
212 380
212 381
212 382
212 383
212 384
212 385
212 386
212 434
212 435
212 436
212 437
212 438
212 439
212 440
212 441
212 442
212 443
212 444
212 445
212 446
212 447
212 448
212 449
212 450
212 451
212 452
213 368
213 369
213 370
213 371
213 372
213 373
213 374
213 375
213 376
213 377
213 378
213 379
213 380
213 381
213 382
213 383
213 384
213 385
213 386
213 387
213 433
213 434
213 435
213 436
213 437
213 438
213 439
213 440
213 441
213 442
213 443
213 444
213 445
213 446
213 447
213 448
213 449
213 450
213 451
213 452
214 368
214 369
214 370
214 371
214 372
214 373
214 374
214 375
214 376
214 377
214 378
214 379
214 380
214 381
214 382
214 383
214 384
214 385
214 386
214 387
214 433
214 434
214 435
214 436
214 437
214 438
214 439
214 440
214 441
214 442
214 443
214 444
214 445
214 446
214 447
214 448
214 449
214 450
214 451
215 368
215 369
215 370
215 371
215 372
215 373
215 374
215 375
215 376
215 377
215 378
215 379
215 380
215 381
215 382
215 383
215 384
215 385
215 386
215 387
215 388
215 432
215 433
215 434
215 435
215 436
215 437
215 438
215 439
215 440
215 441
215 442
215 443
215 444
215 445
215 446
215 447
215 448
215 449
215 450
215 451
216 369
216 370
216 371
216 372
216 373
216 374
216 375
216 376
216 377
216 378
216 379
216 380
216 381
216 382
216 383
216 384
216 385
216 386
216 387
216 388
216 389
216 432
216 433
216 434
216 435
216 436
216 437
216 438
216 439
216 440
216 441
216 442
216 443
216 444
216 445
216 446
216 447
216 448
216 449
216 450
216 451
217 369
217 370
217 371
217 372
217 373
217 374
217 375
217 376
217 377
217 378
217 379
217 380
217 381
217 382
217 383
217 384
217 385
217 386
217 387
217 388
217 389
217 390
217 431
217 432
217 433
217 434
217 435
217 436
217 437
217 438
217 439
217 440
217 441
217 442
217 443
217 444
217 445
217 446
217 447
217 448
217 449
217 450
218 370
218 371
218 372
218 373
218 374
218 375
218 376
218 377
218 378
218 379
218 380
218 381
218 382
218 383
218 384
218 385
218 386
218 387
218 388
218 389
218 390
218 430
218 431
218 432
218 433
218 434
218 435
218 436
218 437
218 438
218 439
218 440
218 441
218 442
218 443
218 444
218 445
218 446
218 447
218 448
218 449
219 370
219 371
219 372
219 373
219 374
219 375
219 376
219 377
219 378
219 379
219 380
219 381
219 382
219 383
219 384
219 385
219 386
219 387
219 388
219 389
219 390
219 391
219 429
219 430
219 431
219 432
219 433
219 434
219 435
219 436
219 437
219 438
219 439
219 440
219 441
219 442
219 443
219 444
219 445
219 446
219 447
219 448
219 449
220 371
220 372
220 373
220 374
220 375
220 376
220 377
220 378
220 379
220 380
220 381
220 382
220 383
220 384
220 385
220 386
220 387
220 388
220 389
220 390
220 391
220 392
220 428
220 429
220 430
220 431
220 432
220 433
220 434
220 435
220 436
220 437
220 438
220 439
220 440
220 441
220 442
220 443
220 444
220 445
220 446
220 447
220 448
221 371
221 372
221 373
221 374
221 375
221 376
221 377
221 378
221 379
221 380
221 381
221 382
221 383
221 384
221 385
221 386
221 387
221 388
221 389
221 390
221 391
221 392
221 393
221 394
221 427
221 428
221 429
221 430
221 431
221 432
221 433
221 434
221 435
221 436
221 437
221 438
221 439
221 440
221 441
221 442
221 443
221 444
221 445
221 446
221 447
222 372
222 373
222 374
222 375
222 376
222 377
222 378
222 379
222 380
222 381
222 382
222 383
222 384
222 385
222 386
222 387
222 388
222 389
222 390
222 391
222 392
222 393
222 394
222 395
222 425
222 426
222 427
222 428
222 429
222 430
222 431
222 432
222 433
222 434
222 435
222 436
222 437
222 438
222 439
222 440
222 441
222 442
222 443
222 444
222 445
222 446
223 372
223 373
223 374
223 375
223 376
223 377
223 378
223 379
223 380
223 381
223 382
223 383
223 384
223 385
223 386
223 387
223 388
223 389
223 390
223 391
223 392
223 393
223 394
223 395
223 396
223 397
223 423
223 424
223 425
223 426
223 427
223 428
223 429
223 430
223 431
223 432
223 433
223 434
223 435
223 436
223 437
223 438
223 439
223 440
223 441
223 442
223 443
223 444
223 445
223 446
223 447
223 448
223 449
223 450
223 451
223 452
223 453
223 454
223 455
223 456
223 457
223 458
223 459
223 460
223 461
223 462
223 463
223 464
223 465
224 373
224 374
224 375
224 376
224 377
224 378
224 379
224 380
224 381
224 382
224 383
224 384
224 385
224 386
224 387
224 388
224 389
224 390
224 391
224 392
224 393
224 394
224 395
224 396
224 397
224 398
224 399
224 420
224 421
224 422
224 423
224 424
224 425
224 426
224 427
224 428
224 429
224 430
224 431
224 432
224 433
224 434
224 435
224 436
224 437
224 438
224 439
224 440
224 441
224 442
224 443
224 444
224 445
224 446
224 447
224 448
224 449
224 450
224 451
224 452
224 453
224 454
224 455
224 456
224 457
224 458
224 459
224 460
224 461
224 462
224 463
224 464
224 465
224 466
225 374
225 375
225 376
225 377
225 378
225 379
225 380
225 381
225 382
225 383
225 384
225 385
225 386
225 387
225 388
225 389
225 390
225 391
225 392
225 393
225 394
225 395
225 396
225 397
225 398
225 399
225 400
225 401
225 402
225 403
225 416
225 417
225 418
225 419
225 420
225 421
225 422
225 423
225 424
225 425
225 426
225 427
225 428
225 429
225 430
225 431
225 432
225 433
225 434
225 435
225 436
225 437
225 438
225 439
225 440
225 441
225 442
225 443
225 444
225 445
225 446
225 447
225 448
225 449
225 450
225 451
225 452
225 453
225 454
225 455
225 456
225 457
225 458
225 459
225 460
225 461
225 462
225 463
225 464
225 465
225 466
226 375
226 376
226 377
226 378
226 379
226 380
226 381
226 382
226 383
226 384
226 385
226 386
226 387
226 388
226 389
226 390
226 391
226 392
226 393
226 394
226 395
226 396
226 397
226 398
226 399
226 400
226 401
226 402
226 403
226 404
226 405
226 406
226 407
226 408
226 409
226 410
226 411
226 412
226 413
226 414
226 415
226 416
226 417
226 418
226 419
226 420
226 421
226 422
226 423
226 424
226 425
226 426
226 427
226 428
226 429
226 430
226 431
226 432
226 433
226 434
226 435
226 436
226 437
226 438
226 439
226 440
226 441
226 442
226 443
226 444
226 445
226 446
226 447
226 448
226 449
226 450
226 451
226 452
226 453
226 454
226 455
226 456
226 457
226 458
226 459
226 460
226 461
226 462
226 463
226 464
226 465
226 466
226 467
226 750
226 751
226 752
226 753
226 754
226 755
227 375
227 376
227 377
227 378
227 379
227 380
227 381
227 382
227 383
227 384
227 385
227 386
227 387
227 388
227 389
227 390
227 391
227 392
227 393
227 394
227 395
227 396
227 397
227 398
227 399
227 400
227 401
227 402
227 403
227 404
227 405
227 406
227 407
227 408
227 409
227 410
227 411
227 412
227 413
227 414
227 415
227 416
227 417
227 418
227 419
227 420
227 421
227 422
227 423
227 424
227 425
227 426
227 427
227 428
227 429
227 430
227 431
227 432
227 433
227 434
227 435
227 436
227 437
227 438
227 439
227 440
227 441
227 442
227 443
227 444
227 445
227 446
227 447
227 448
227 449
227 450
227 451
227 452
227 453
227 454
227 455
227 456
227 457
227 458
227 459
227 460
227 461
227 462
227 463
227 464
227 465
227 466
227 467
227 585
227 586
227 587
227 588
227 589
227 590
227 591
227 592
227 593
227 594
227 595
227 596
227 597
227 598
227 599
227 600
227 601
227 602
227 603
227 604
227 605
227 606
227 607
227 608
227 609
227 610
227 611
227 612
227 613
227 614
227 615
227 616
227 617
227 618
227 619
227 620
227 621
227 622
227 623
227 624
227 625
227 626
227 744
227 745
227 746
227 747
227 748
227 749
227 750
227 751
227 752
227 753
227 754
227 755
227 756
227 757
227 758
227 759
227 760
228 376
228 377
228 378
228 379
228 380
228 381
228 382
228 383
228 384
228 385
228 386
228 387
228 388
228 389
228 390
228 391
228 392
228 393
228 394
228 395
228 396
228 397
228 398
228 399
228 400
228 401
228 402
228 403
228 404
228 405
228 406
228 407
228 408
228 409
228 410
228 411
228 412
228 413
228 414
228 415
228 416
228 417
228 418
228 419
228 420
228 421
228 422
228 423
228 424
228 425
228 426
228 427
228 428
228 429
228 430
228 431
228 432
228 433
228 434
228 435
228 436
228 437
228 438
228 439
228 440
228 441
228 442
228 443
228 444
228 445
228 446
228 447
228 448
228 449
228 450
228 451
228 452
228 453
228 454
228 455
228 456
228 457
228 458
228 459
228 460
228 461
228 462
228 463
228 464
228 465
228 466
228 467
228 582
228 583
228 584
228 585
228 586
228 587
228 588
228 589
228 590
228 591
228 592
228 593
228 594
228 595
228 596
228 597
228 598
228 599
228 600
228 601
228 602
228 603
228 604
228 605
228 606
228 607
228 608
228 609
228 610
228 611
228 612
228 613
228 614
228 615
228 616
228 617
228 618
228 619
228 620
228 621
228 622
228 623
228 624
228 625
228 626
228 627
228 628
228 629
228 630
228 631
228 632
228 633
228 634
228 635
228 636
228 637
228 638
228 639
228 743
228 744
228 745
228 746
228 747
228 748
228 749
228 750
228 751
228 752
228 753
228 754
228 755
228 756
228 757
228 758
228 759
228 760
228 761
228 762
229 377
229 378
229 379
229 380
229 381
229 382
229 383
229 384
229 385
229 386
229 387
229 388
229 389
229 390
229 391
229 392
229 393
229 394
229 395
229 396
229 397
229 398
229 399
229 400
229 401
229 402
229 403
229 404
229 405
229 406
229 407
229 408
229 409
229 410
229 411
229 412
229 413
229 414
229 415
229 416
229 417
229 418
229 419
229 420
229 421
229 422
229 423
229 424
229 425
229 426
229 427
229 428
229 429
229 430
229 431
229 432
229 433
229 434
229 435
229 436
229 437
229 438
229 439
229 440
229 441
229 442
229 443
229 444
229 445
229 446
229 447
229 448
229 449
229 450
229 451
229 452
229 453
229 454
229 455
229 456
229 457
229 458
229 459
229 460
229 461
229 462
229 463
229 464
229 465
229 466
229 467
229 580
229 581
229 582
229 583
229 584
229 585
229 586
229 587
229 588
229 589
229 590
229 591
229 592
229 593
229 594
229 595
229 596
229 597
229 598
229 599
229 600
229 601
229 602
229 603
229 604
229 605
229 606
229 607
229 608
229 609
229 610
229 611
229 612
229 613
229 614
229 615
229 616
229 617
229 618
229 619
229 620
229 621
229 622
229 623
229 624
229 625
229 626
229 627
229 628
229 629
229 630
229 631
229 632
229 633
229 634
229 635
229 636
229 637
229 638
229 639
229 640
229 641
229 642
229 643
229 644
229 645
229 742
229 743
229 744
229 745
229 746
229 747
229 748
229 749
229 750
229 751
229 752
229 753
229 754
229 755
229 756
229 757
229 758
229 759
229 760
229 761
229 762
230 378
230 379
230 380
230 381
230 382
230 383
230 384
230 385
230 386
230 387
230 388
230 389
230 390
230 391
230 392
230 393
230 394
230 395
230 396
230 397
230 398
230 399
230 400
230 401
230 402
230 403
230 404
230 405
230 406
230 407
230 408
230 409
230 410
230 411
230 412
230 413
230 414
230 415
230 416
230 417
230 418
230 419
230 420
230 421
230 422
230 423
230 424
230 425
230 426
230 427
230 428
230 429
230 430
230 431
230 432
230 433
230 434
230 435
230 436
230 437
230 438
230 439
230 440
230 441
230 442
230 443
230 444
230 445
230 446
230 447
230 448
230 449
230 450
230 451
230 452
230 453
230 454
230 455
230 456
230 457
230 458
230 459
230 460
230 461
230 462
230 463
230 464
230 465
230 466
230 467
230 579
230 580
230 581
230 582
230 583
230 584
230 585
230 586
230 587
230 588
230 589
230 590
230 591
230 592
230 593
230 594
230 595
230 596
230 597
230 598
230 599
230 600
230 601
230 602
230 603
230 604
230 605
230 606
230 607
230 608
230 609
230 610
230 611
230 612
230 613
230 614
230 615
230 616
230 617
230 618
230 619
230 620
230 621
230 622
230 623
230 624
230 625
230 626
230 627
230 628
230 629
230 630
230 631
230 632
230 633
230 634
230 635
230 636
230 637
230 638
230 639
230 640
230 641
230 642
230 643
230 644
230 645
230 646
230 647
230 648
230 649
230 650
230 742
230 743
230 744
230 745
230 746
230 747
230 748
230 749
230 750
230 751
230 752
230 753
230 754
230 755
230 756
230 757
230 758
230 759
230 760
230 761
230 762
231 380
231 381
231 382
231 383
231 384
231 385
231 386
231 387
231 388
231 389
231 390
231 391
231 392
231 393
231 394
231 395
231 396
231 397
231 398
231 399
231 400
231 401
231 402
231 403
231 404
231 405
231 406
231 407
231 408
231 409
231 410
231 411
231 412
231 413
231 414
231 415
231 416
231 417
231 418
231 419
231 420
231 421
231 422
231 423
231 424
231 425
231 426
231 427
231 428
231 429
231 430
231 431
231 432
231 433
231 434
231 435
231 436
231 437
231 438
231 439
231 440
231 441
231 442
231 443
231 444
231 445
231 446
231 447
231 448
231 449
231 450
231 451
231 452
231 453
231 454
231 455
231 456
231 457
231 458
231 459
231 460
231 461
231 462
231 463
231 464
231 465
231 466
231 467
231 579
231 580
231 581
231 582
231 583
231 584
231 585
231 586
231 587
231 588
231 589
231 590
231 591
231 592
231 593
231 594
231 595
231 596
231 597
231 598
231 599
231 600
231 601
231 602
231 603
231 604
231 605
231 606
231 607
437 431
437 432
437 433
437 434
437 435
437 436
437 437
437 438
437 439
437 440
437 441
437 442
437 443
437 444
438 347
438 348
438 349
438 350
438 351
438 352
438 353
438 354
438 355
438 356
438 357
438 358
438 359
438 360
438 361
438 362
438 363
438 364
438 365
438 366
438 367
438 368
438 369
438 370
438 371
438 372
438 373
438 374
438 375
438 376
438 377
438 378
438 379
438 380
438 381
438 382
438 383
438 384
438 385
438 386
438 387
438 388
438 389
438 390
438 391
438 392
438 393
438 394
438 395
438 396
438 397
438 398
438 399
438 400
438 401
438 402
438 403
438 404
438 405
438 406
438 407
438 408
438 409
438 410
438 411
438 412
438 413
438 414
438 415
438 416
438 417
438 418
438 419
438 420
438 421
438 422
438 423
438 424
438 425
438 426
438 427
438 428
438 429
438 430
438 431
438 432
438 433
438 434
438 435
438 436
438 437
438 438
438 439
438 440
438 441
438 442
438 443
438 444
439 347
439 348
439 349
439 350
439 351
439 352
439 353
439 354
439 355
439 356
439 357
439 358
439 359
439 360
439 361
439 362
439 363
439 364
439 365
439 366
439 367
439 368
439 369
439 370
439 371
439 372
439 373
439 374
439 375
439 376
439 377
439 378
439 379
439 380
439 381
439 382
439 383
439 384
439 385
439 386
439 387
439 388
439 389
439 390
439 391
439 392
439 393
439 394
439 395
439 396
439 397
439 398
439 399
439 400
439 401
439 402
439 403
439 404
439 405
439 406
439 407
439 408
439 409
439 410
439 411
439 412
439 413
439 414
439 415
439 416
439 417
439 418
439 419
439 420
439 421
439 422
439 423
439 424
439 425
439 426
439 427
439 428
439 429
439 430
439 431
439 432
439 433
439 434
439 435
439 436
439 437
439 438
439 439
439 440
439 441
439 442
439 443
439 444
439 445
440 347
440 348
440 349
440 350
440 351
440 352
440 353
440 354
440 355
440 356
440 357
440 358
440 359
440 360
440 361
440 362
440 363
440 364
440 365
440 366
440 367
440 368
440 369
440 370
440 371
440 372
440 373
440 374
440 375
440 376
440 377
440 378
440 379
440 380
440 381
440 382
440 383
440 384
440 385
440 386
440 387
440 388
440 389
440 390
440 391
440 392
440 393
440 394
440 395
440 396
440 397
440 398
440 399
440 400
440 401
440 402
440 403
440 404
440 405
440 406
440 407
440 408
440 409
440 410
440 411
440 412
440 413
440 414
440 415
440 416
440 417
440 418
440 419
440 420
440 421
440 422
440 423
440 424
440 425
440 426
440 427
440 428
440 429
440 430
440 431
440 432
440 433
440 434
440 435
440 436
440 437
440 438
440 439
440 440
440 441
440 442
440 443
440 444
440 445
441 347
441 348
441 349
441 350
441 351
441 352
441 353
441 354
441 355
441 356
441 357
441 358
441 359
441 360
441 361
441 362
441 363
441 364
441 365
441 366
441 367
441 368
441 369
441 370
441 371
441 372
441 373
441 374
441 375
441 376
441 377
441 378
441 379
441 380
441 381
441 382
441 383
441 384
441 385
441 386
441 387
441 388
441 389
441 390
441 391
441 392
441 393
441 394
441 395
441 396
441 397
441 398
441 399
441 400
441 401
441 402
441 403
441 404
441 405
441 406
441 407
441 408
441 409
441 410
441 411
441 412
441 413
441 414
441 415
441 416
441 417
441 418
441 419
441 420
441 421
441 422
441 423
441 424
441 425
441 426
441 427
441 428
441 429
441 430
441 431
441 432
441 433
441 434
441 435
441 436
441 437
441 438
441 439
441 440
441 441
441 442
441 443
441 444
441 445
442 347
442 348
442 349
442 350
442 351
442 352
442 353
442 354
442 355
442 356
442 357
442 358
442 359
442 360
442 361
442 362
442 363
442 364
442 365
442 366
442 367
442 368
442 369
442 370
442 371
442 372
442 373
442 374
442 375
442 376
442 377
442 378
442 379
442 380
442 381
442 382
442 383
442 384
442 385
442 386
442 387
442 388
442 389
442 390
442 391
442 392
442 393
442 394
442 395
442 396
442 397
442 398
442 399
442 400
442 401
442 402
442 403
442 404
442 405
442 406
442 407
442 408
442 409
442 410
442 411
442 412
442 413
442 414
442 415
442 416
442 417
442 418
442 419
442 420
442 421
442 422
442 423
442 424
442 425
442 426
442 427
442 428
442 429
442 430
442 431
442 432
442 433
442 434
442 435
442 436
442 437
442 438
442 439
442 440
442 441
442 442
442 443
442 444
442 445
443 347
443 348
443 349
443 350
443 351
443 352
443 353
443 354
443 355
443 356
443 357
443 358
443 359
443 360
443 361
443 362
443 363
443 364
443 365
443 366
443 367
443 368
443 369
443 370
443 371
443 372
443 373
443 374
443 375
443 376
443 377
443 378
443 379
443 380
443 381
443 382
443 383
443 384
443 385
443 386
443 387
443 388
443 389
443 390
443 391
443 392
443 393
443 394
443 395
443 396
443 397
443 398
443 399
443 400
443 401
443 402
443 403
443 404
443 405
443 406
443 407
443 408
443 409
443 410
443 411
443 412
443 413
443 414
443 415
443 416
443 417
443 418
443 419
443 420
443 421
443 422
443 423
443 424
443 425
443 426
443 427
443 428
443 429
443 430
443 431
443 432
443 433
443 434
443 435
443 436
443 437
443 438
443 439
443 440
443 441
443 442
443 443
443 444
443 445
444 347
444 348
444 349
444 350
444 351
444 352
444 353
444 354
444 355
444 356
444 357
444 358
444 359
444 360
444 361
444 362
444 363
444 364
444 365
444 366
444 367
444 368
444 369
444 370
444 371
444 372
444 373
444 374
444 375
444 376
444 377
444 378
444 379
444 380
444 381
444 382
444 383
444 384
444 385
444 386
444 387
444 388
444 389
444 390
444 391
444 392
444 393
444 394
444 395
444 396
444 397
444 398
444 399
444 400
444 401
444 402
444 403
444 404
444 405
444 406
444 407
444 408
444 409
444 410
444 411
444 412
444 413
444 414
444 415
444 416
444 417
444 418
444 419
444 420
444 421
444 422
444 423
444 424
444 425
444 426
444 427
444 428
444 429
444 430
444 431
444 432
444 433
444 434
444 435
444 436
444 437
444 438
444 439
444 440
444 441
444 442
444 443
444 444
444 445
445 347
445 348
445 349
445 350
445 351
445 352
445 353
445 354
445 355
445 356
445 357
445 358
445 359
445 360
445 361
445 362
445 363
445 364
445 365
445 366
445 367
445 368
445 369
445 370
445 371
445 372
445 373
445 374
445 375
445 376
445 377
445 378
445 379
445 380
445 381
445 382
445 383
445 384
445 385
445 386
445 387
445 388
445 389
445 390
445 391
445 392
445 393
445 394
445 395
445 396
445 397
445 398
445 399
445 400
445 401
445 402
445 403
445 404
445 405
445 406
445 407
445 408
445 409
445 410
445 411
445 412
445 413
445 414
445 415
445 416
445 417
445 418
445 419
445 420
445 421
445 422
445 423
445 424
445 425
445 426
445 427
445 428
445 429
445 430
445 431
445 432
445 433
445 434
445 435
445 436
445 437
445 438
445 439
445 440
445 441
445 442
445 443
445 444
445 445
446 347
446 348
446 349
446 350
446 351
446 352
446 353
446 354
446 355
446 356
446 357
446 358
446 359
446 360
446 361
446 362
446 363
446 364
446 365
446 366
446 367
446 368
446 369
446 370
446 371
446 372
446 373
446 374
446 375
446 376
446 377
446 378
446 379
446 380
446 381
446 382
446 383
446 384
446 385
446 386
446 387
446 388
446 389
446 390
446 391
446 392
446 393
446 394
446 395
446 396
446 397
446 398
446 399
446 400
446 401
446 402
446 403
446 404
446 405
446 406
446 407
446 408
446 409
446 410
446 411
446 412
446 413
446 414
446 415
446 416
446 417
446 418
446 419
446 420
446 421
446 422
446 423
446 424
446 425
446 426
446 427
446 428
446 429
446 430
446 431
446 432
446 433
446 434
446 435
446 436
446 437
446 438
446 439
446 440
446 441
446 442
446 443
446 444
446 445
447 347
447 348
447 349
447 350
447 351
447 352
447 353
447 354
447 355
447 356
447 357
447 358
447 359
447 360
447 361
447 362
447 363
447 364
447 365
447 366
447 367
447 368
447 369
447 370
447 371
447 372
447 373
447 374
447 375
447 376
447 377
447 378
447 379
447 380
447 381
447 382
447 383
447 384
447 385
447 386
447 387
447 388
447 389
447 390
447 391
447 392
447 393
447 394
447 395
447 396
447 397
447 398
447 399
447 400
447 401
447 402
447 403
447 404
447 405
447 406
447 407
447 408
447 409
447 410
447 411
447 412
447 413
447 414
447 415
447 416
447 417
447 418
447 419
447 420
447 421
447 422
447 423
447 424
447 425
447 426
447 427
447 428
447 429
447 430
447 431
447 432
447 433
447 434
447 435
447 436
447 437
447 438
447 439
447 440
447 441
447 442
447 443
447 444
447 445
448 348
448 349
448 350
448 351
448 352
448 353
448 354
448 355
448 356
448 357
448 358
448 359
448 360
448 361
448 362
448 363
448 364
448 365
448 366
448 367
448 368
448 369
448 370
448 371
448 372
448 373
448 374
448 375
448 376
448 377
448 378
448 379
448 380
448 381
448 382
448 383
448 384
448 385
448 386
448 387
448 388
448 389
448 390
448 391
448 392
448 393
448 394
448 395
448 396
448 397
448 398
448 399
448 400
448 401
448 402
448 403
448 404
448 405
448 406
448 407
448 408
448 409
448 410
448 411
448 412
448 413
448 414
448 415
448 416
448 417
448 418
448 419
448 420
448 421
448 422
448 423
448 424
448 425
448 426
448 427
448 428
448 429
448 430
448 431
448 432
448 433
448 434
448 435
448 436
448 437
448 438
448 439
448 440
448 441
448 442
448 443
448 444
448 445
449 348
449 349
449 350
449 351
449 352
449 353
449 354
449 355
449 356
449 357
449 358
449 359
449 360
449 361
449 362
449 363
449 364
449 365
449 366
449 367
449 368
449 369
449 370
449 371
449 372
449 373
449 374
449 375
449 376
449 377
449 378
449 379
449 380
449 381
449 382
449 383
449 384
449 385
449 386
449 387
449 388
449 389
449 390
449 391
449 392
449 393
449 394
449 395
449 396
449 397
449 398
449 399
449 400
449 401
449 402
449 403
449 404
449 405
449 406
449 407
449 408
449 409
449 410
449 411
449 412
449 413
449 414
449 415
449 416
449 417
449 418
449 419
449 420
449 421
449 422
449 423
449 424
449 425
449 426
449 427
449 428
449 429
449 430
449 431
449 432
449 433
449 434
449 435
449 436
449 437
449 438
449 439
449 440
449 441
449 442
449 443
449 444
449 445
450 348
450 349
450 350
450 351
450 352
450 353
450 354
450 355
450 356
450 357
450 358
450 359
450 360
450 361
450 362
450 363
450 364
450 365
450 366
450 367
450 368
450 369
450 370
450 371
450 372
450 373
450 374
450 375
450 376
450 377
450 378
450 379
450 380
450 381
450 382
450 383
450 384
450 385
450 386
450 387
450 388
450 389
450 390
450 391
450 392
450 393
450 394
450 395
450 396
450 397
450 398
450 399
450 400
450 401
450 402
450 403
450 404
450 405
450 406
450 407
450 408
450 409
450 410
450 411
450 412
450 413
450 414
450 415
450 416
450 417
450 418
450 419
450 420
450 421
450 422
450 423
450 424
450 425
450 426
450 427
450 428
450 429
450 430
450 431
450 432
450 433
450 434
450 435
450 436
450 437
450 438
450 439
450 440
450 441
450 442
450 443
450 444
450 445
451 349
451 350
451 351
451 352
451 353
451 354
451 355
451 356
451 357
451 358
451 359
451 360
451 361
451 362
451 363
451 364
451 365
451 366
451 367
451 368
451 369
451 370
451 371
451 372
451 373
451 374
451 375
451 376
451 377
451 378
451 379
451 380
451 381
451 382
451 383
451 384
451 385
451 386
451 387
451 388
451 389
451 390
451 391
451 392
451 393
451 394
451 395
451 396
451 397
451 398
451 399
451 400
451 401
451 402
451 403
451 404
451 405
451 406
451 407
451 408
451 409
451 410
451 411
451 412
451 413
451 414
451 415
451 416
451 417
451 418
451 419
451 420
451 421
451 422
451 423
451 424
451 425
451 426
451 427
451 428
451 429
451 430
451 431
451 432
451 433
451 434
451 435
451 436
451 437
451 438
451 439
451 440
451 441
451 442
451 443
451 444
451 445
452 349
452 350
452 351
452 352
452 353
452 354
452 355
452 356
452 357
452 358
452 359
452 360
452 361
452 362
452 363
452 364
452 365
452 366
452 367
452 368
452 369
452 370
452 371
452 372
452 373
452 374
452 375
452 376
452 377
452 378
452 379
452 380
452 381
452 382
452 383
452 384
452 385
452 386
452 387
452 388
452 389
452 390
452 391
452 392
452 393
452 394
452 395
452 396
452 397
452 398
452 399
452 400
452 401
452 402
452 403
452 404
452 405
452 406
452 407
452 408
452 409
452 410
452 411
452 412
452 413
452 414
452 415
452 416
452 417
452 418
452 419
452 420
452 421
452 422
452 423
452 424
452 425
452 426
452 427
452 428
452 429
452 430
452 431
452 432
452 433
452 434
452 435
452 436
452 437
452 438
452 439
452 440
452 441
452 442
452 443
452 444
453 351
453 352
453 353
453 354
453 355
453 356
453 357
453 358
453 359
453 360
453 361
453 362
453 363
453 364
453 365
453 366
453 367
453 368
453 369
453 370
453 371
453 372
453 373
453 374
453 375
453 376
453 377
453 378
453 379
453 380
453 381
453 382
453 383
453 384
453 385
453 386
453 387
453 388
453 389
453 390
453 391
453 392
453 393
453 394
453 395
453 396
453 397
453 398
453 399
453 400
453 401
453 402
453 403
453 404
453 405
453 406
453 407
453 408
453 409
453 410
453 411
453 412
453 413
453 414
453 415
453 416
453 417
453 418
453 419
453 420
453 421
453 422
453 423
453 424
453 425
453 426
453 427
453 428
453 429
453 430
453 431
453 432
453 433
453 434
453 435
453 436
453 437
453 438
453 439
453 440
453 441
453 442
453 443
453 444
454 354
454 355
454 356
454 357
454 358
454 359
454 360
454 361
454 362
454 363
454 364
454 365
454 366
454 367
454 368
454 369
454 370
454 371
454 372
454 373
454 374
454 375
454 376
454 377
454 378
454 379
454 380
454 381
454 382
454 383
454 384
454 385
454 386
454 387
454 388
454 389
454 390
454 391
454 392
454 393
454 394
454 395
454 396
454 397
454 398
454 399
454 400
454 401
454 402
454 403
454 404
454 405
454 406
454 407
454 408
454 409
454 410
454 411
454 412
454 413
454 414
454 415
454 416
454 417
454 418
454 419
454 420
454 421
454 422
454 423
454 424
454 425
454 426
454 427
454 428
454 429
454 430
454 431
454 432
454 433
454 434
454 435
454 436
454 437
454 438
454 439
454 440
454 441
454 442
